6
-1 44 34 12 40 41
44 -1 31 43 24 50
34 31 -1 20 39 27
12 43 20 -1 11 17
40 24 39 11 -1 42
41 50 27 17 42 -1